baseline: 0.1
calibration_time: 2017-03-26-05-03-08
gain: 0.008410000242292881
k: 27.0
limit: 1.0
radius: 0.0318
trim: 0.008410000242292881
