camera_matrix:
  cols: 3
  data: [299.63732256099814, 0.0, 330.63714611067394, 0.0, 302.1134308297455, 255.45845514347556,
    0.0, 0.0, 1.0]
  rows: 3
camera_name: aventador/camera_node
distortion_coefficients:
  cols: 5
  data: [-0.24665976252336172, 0.04143975334974084, -0.002885029665363786, -0.0015373310356201356,
    0.0]
  rows: 1
distortion_model: plumb_bob
image_height: 480
image_width: 640
projection_matrix:
  cols: 4
  data: [205.39651489257812, 0.0, 328.2195764455173, 0.0, 0.0, 239.59701538085938,
    260.9581631490073, 0.0, 0.0, 0.0, 1.0, 0.0]
  rows: 3
rectification_matrix:
  cols: 3
  data: [1.0, 0.0, 0.0, 0.0, 1.0, 0.0, 0.0, 0.0, 1.0]
  rows: 3
