camera_matrix:
  cols: 3
  data: [321.89893903617065, 0.0, 323.5491118920032, 0.0, 339.2886327936173, 245.24806369310554,
    0.0, 0.0, 1.0]
  rows: 3
camera_name: ghost/camera_node
distortion_coefficients:
  cols: 5
  data: [-0.23528664809686076, 0.0344991197063671, -0.0050702195765510265, -0.00045351327587262493,
    0.0]
  rows: 1
distortion_model: plumb_bob
image_height: 480
image_width: 640
projection_matrix:
  cols: 4
  data: [205.78378295898438, 0.0, 325.2746329608817, 0.0, 0.0, 289.742431640625, 241.98818486642267,
    0.0, 0.0, 0.0, 1.0, 0.0]
  rows: 3
rectification_matrix:
  cols: 3
  data: [1.0, 0.0, 0.0, 0.0, 1.0, 0.0, 0.0, 0.0, 1.0]
  rows: 3
