camera_matrix:
  cols: 3
  data: [329.7588495308731, 0.0, 308.72531121089554, 0.0, 332.2480087366517, 261.9161203649335,
    0.0, 0.0, 1.0]
  rows: 3
camera_name: wama/camera_node
distortion_coefficients:
  cols: 5
  data: [-0.2670738831988336, 0.04946494291635008, -0.001850209910050031, 0.004558407733485402,
    0.0]
  rows: 1
distortion_model: plumb_bob
image_height: 480
image_width: 640
projection_matrix:
  cols: 4
  data: [224.05459594726562, 0.0, 317.48366544952296, 0.0, 0.0, 271.379150390625,
    270.91533531199093, 0.0, 0.0, 0.0, 1.0, 0.0]
  rows: 3
rectification_matrix:
  cols: 3
  data: [1.0, 0.0, 0.0, 0.0, 1.0, 0.0, 0.0, 0.0, 1.0]
  rows: 3
